http://10.0.205.17:9092/NJM/rest/cfs/pendingCFS
------------------------------------------------------------
Status Code : 200
[
    28608818,
    28608819,
    28608700,
    28608200,
    28608201,
    28608650,
    28608651,
    28608944,
    28609152,
    28608866,
    28608867,
    28608868,
    28608870,
    28608596,
    28608597,
    28608622,
    28608875,
    28608876,
    28608877,
    28608931,
    28608375,
    28608362,
    28608363,
    28608364,
    28608598,
    28608799,
    28608203,
    28608204,
    28608826,
    28608840,
    28610397,
    28608391,
    28608640,
    28608641,
    28608691,
    28608369,
    28608634,
    28608635,
    28608927,
    28608928,
    28609164,
    28609165,
    28609166,
    28610796,
    28608210,
    28608211,
    28608321,
    28608359,
    28608360,
    28608373,
    28608599,
    28608879,
    28608348,
    28608808,
    28608630,
    28608631,
    28608659,
    28608676,
    28608677,
    28608678,
    28608679,
    28608680,
    28608212,
    28608371,
    28608670,
    28608347,
    28608374,
    28608522,
    28608686,
    28608801,
    28608811,
    28608899,
    28608900,
    28608901,
    28608902,
    28608903,
    28608904,
    28608905,
    28608906,
    28608907,
    28608908,
    28608909,
    28608910,
    28608911,
    28608912,
    28608913,
    28608914,
    28608915,
    28608916,
    28608917,
    28608918,
    28608919,
    28608920,
    28608327,
    28608695,
    28608696,
    28608697,
    28608830,
    28608981,
    28608982,
    28608983,
    28608984,
    28608985,
    28608986,
    28609002,
    28608382,
    28608383,
    28608384,
    28608385,
    28608386,
    28608387,
    28608647,
    28608648,
    28608709,
    28608807,
    28609899,
    28610496,
    28610497,
    28610498,
    28610499,
    28610500,
    28610696,
    28608370,
    28608513,
    28608517,
    28608674,
    28608935,
    28608388,
    28609073,
    28609074,
    28609075,
    28609076,
    28609077,
    28609078,
    28609079,
    28609080,
    28609081,
    28609082,
    28609083,
    28609084,
    28609085,
    28609086,
    28609088,
    28609089,
    28609090,
    28609091,
    28609092,
    28609093,
    28609094,
    28609155,
    28608802,
    28608804,
    28608890,
    28608891,
    28608892,
    28609005,
    28608609,
    28608610,
    28608616,
    28608687,
    28608922,
    28609150,
    28610703,
    28608346,
    28608378,
    28608624,
    28608950,
    28608951,
    28609051,
    28609052,
    28609053,
    28609054,
    28609055,
    28609056,
    28609057,
    28609058,
    28609059,
    28609060,
    28609061,
    28609062,
    28609063,
    28609064,
    28609065,
    28609066,
    28609067,
    28609068,
    28609069,
    28609070,
    28609071,
    28609072,
    28609896,
    28608520,
    28608626,
    28608827,
    28608949,
    28608987,
    28609000,
    28608209,
    28608376,
    28608380,
    28608532,
    28608314,
    28608932,
    28609167,
    28609168,
    28609169,
    28609176,
    28608310,
    28608358,
    28608531,
    28608372,
    28608887,
    28608888,
    28608895,
    28608896,
    28608995,
    28608996,
    28608997,
    28608999,
    28608356,
    28608357,
    28608365,
    28608366,
    28608604,
    28608833,
    28608834,
    28610196,
    28608521,
    28608636,
    28608665,
    28608668,
    28608805,
    28608809,
    28608828,
    28608829,
    28609147,
    28609173,
    28609174,
    28609296,
    28609297,
    28609298,
    28609300,
    28608611,
    28608654,
    28608664,
    28608806,
    28609003,
    28609004,
    28608313,
    28608663,
    28608838,
    28608883,
    28609697,
    28608603,
    28608353,
    28608392,
    28608618,
    28608669,
    28609154,
    28609700,
    28608433,
    28608633,
    28609396,
    28609397,
    28609398,
    28609399,
    28609400,
    28609496,
    28609497,
    28609498,
    28609499,
    28609500,
    28608354,
    28608355,
    28608660,
    28608682,
    28608865,
    28608945,
    28609178,
    28610096,
    28610597,
    28610598,
    28610599,
    28609200,
    28608523,
    28608512,
    28608632,
    28608649,
    28608361,
    28608506,
    28608683,
    28609196,
    28609197,
    28609596,
    28610205,
    28608525,
    28608529,
    28608509,
    28608510,
    28608992,
    28608993,
    28608516,
    28609144,
    28609171,
    28609172,
    28608320,
    28608508,
    28608514,
    28609096,
    28609097,
    28609098,
    28609099,
    28609100,
    28609101,
    28609102,
    28609103,
    28609104,
    28609107,
    28609108,
    28609109,
    28609110,
    28609111,
    28609112,
    28609113,
    28609114,
    28609115,
    28609116,
    28609696,
    28610197,
    28608658,
    28608820,
    28608821,
    28608943,
    28608979,
    28608644,
    28610201,
    28610202,
    28610203,
    28608893,
    28610204,
    28608432,
    28608803,
    28608874,
    28608923,
    28608924,
    28609029,
    28609030,
    28609031,
    28609032,
    28609033,
    28609034,
    28609035,
    28609036,
    28609037,
    28609038,
    28609039,
    28609040,
    28609041,
    28609042,
    28609043,
    28609044,
    28609045,
    28609046,
    28609047,
    28609049,
    28609050,
    28608393,
    28608824,
    28608825,
    28608518,
    28608519,
    28608882,
    28609897,
    28608311,
    28608672,
    28608673,
    28609148,
    28609149,
    28609151,
    28608600,
    28608620,
    28609900,
    28608694,
    28608511,
    28608880,
    28608894,
    28608929,
    28608954,
    28608390,
    28608507,
    28608646,
    28608836,
    28608837,
    28608941,
    28608942,
    28608946,
    28608947,
    28610396,
    28610698,
    28610699,
    28610700,
    28610701,
    28608202,
    28608497,
    28608498,
    28608500,
    28608501,
    28608502,
    28608503,
    28608504,
    28608505,
    28608515,
    28608530,
    28608615,
    28608652,
    28608692,
    28608708,
    28608885,
    28608208,
    28608619,
    28608629,
    28608701,
    28608703,
    28608704,
    28608705,
    28608831,
    28608832,
    28608839,
    28609117,
    28609118,
    28609119,
    28609120,
    28609122,
    28609124,
    28609125,
    28609126,
    28609127,
    28609128,
    28609129,
    28609130,
    28609131,
    28609132,
    28609133,
    28609134,
    28609135,
    28609136,
    28609137,
    28609138,
    28609139,
    28609140,
    28608328,
    28608800,
    28609145,
    28609146,
    28609161,
    28608329,
    28608345,
    28608655,
    28608889,
    28608989,
    28608990,
    28608991,
    28609141,
    28608605,
    28608606,
    28608638,
    28608639,
    28608898,
    28609799,
    28609800,
    28610797,
    28610798,
    28608377,
    28609162,
    28609163,
    28609198,
    28609199,
    28608952,
    28608988,
    28609006,
    28609007,
    28609008,
    28609009,
    28609010,
    28609011,
    28609012,
    28609013,
    28609014,
    28609015,
    28609016,
    28609017,
    28609018,
    28609019,
    28609020,
    28609021,
    28609022,
    28609023,
    28609024,
    28609025,
    28609026,
    28609027,
    28608948,
    28610501,
    28610502,
    28610503,
    28608350,
    28608351,
    28608352,
    28608601,
    28608602,
    28608656,
    28608657,
    28608213,
    28608955,
    28608956,
    28608810,
    28609179,
    28610198,
    28610199,
    28610200,
    28608318,
    28608319,
    28608613,
    28608698,
    28609157,
    28608334,
    28608666,
    28608843,
    28608844,
    28608845,
    28608846,
    28608847,
    28608848,
    28608849,
    28608850,
    28608851,
    28608852,
    28608853,
    28608854,
    28608855,
    28608856,
    28608857,
    28608858,
    28608859,
    28608860,
    28608861,
    28608862,
    28608863,
    28608864,
    28608994,
    28609142,
    28609143,
    28609797,
    28609798,
    28608196,
    28608197,
    28608198,
    28608671,
    28608812,
    28608813,
    28608814,
    28608921,
    28609801,
    28609802,
    28608104,
    28608105,
    28608106,
    28608107,
    28608108,
    28608368,
    28608937,
    28608939,
    28608940,
    28608958,
    28608959,
    28608962,
    28608964,
    28608965,
    28608966,
    28608967,
    28608968,
    28608969,
    28608970,
    28608971,
    28608972,
    28608973,
    28608974,
    28608975,
    28608976,
    28608977,
    28609698,
    28609699
]
http://10.0.205.17:9092/NJM/rest/cfs/activeCFS
------------------------------------------------------------
Status Code : 200
[
    28608869,
    28610208,
    28608325,
    28608403,
    28608897,
    28608653,
    28608394,
    28608612,
    28608404,
    28608430,
    28608684,
    28608308,
    28608309,
    28608413,
    28608878,
    28609201,
    28609898,
    28610697,
    28608675,
    28608304,
    28608305,
    28608617,
    28608411,
    28608608,
    28608410,
    28608625,
    28608642,
    28608643,
    28610207,
    28608399,
    28608306,
    28608307,
    28608407,
    28608524,
    28608389,
    28609299,
    28608312,
    28608690,
    28608526,
    28608302,
    28608303,
    28608395,
    28608681,
    28610596,
    28608298,
    28608299,
    28608396,
    28608693,
    28608980,
    28608402,
    28608427,
    28609095,
    28609105,
    28608326,
    28608936,
    28608300,
    28608301,
    28608796,
    28608317,
    28608367,
    28608934,
    28608873,
    28608296,
    28608297,
    28608627,
    28610296,
    28608926,
    28608206,
    28608207,
    28608872,
    28609177,
    28608953,
    28610702,
    28608405,
    28608499,
    28608412,
    28608431,
    28608702,
    28608621,
    28608685,
    28608428,
    28608637,
    28608401,
    28608406,
    28608886,
    28610504,
    28608330,
    28608349,
    28609597,
    28608315,
    28609180,
    28608699,
    28608798,
    28608400,
    28608527,
    28608706,
    28608707,
    28608322,
    28608415,
    28608957,
    28608960,
    28608961,
    28609153
]
http://10.0.205.17:9092/NJM/rest/cfs/closeCFS?respId=28610208
http://10.0.205.17:9092/NJM/rest/cfs/closeCFS?respId=ALL
-----------------------------------------------------------------------------------------
Status Code : 200
CFS closed successfully!
All active CFS's closed successfully!

Status Code : 400
The ResponderCFS id is invalid. [RespId : 28608869565]

http://10.0.205.17:9092/NJM/rest/cfs/rejectCFS?respId=28608818
http://10.0.205.17:9092/NJM/rest/cfs/rejectCFS?respId=ALL
---------------------------------------------------------------------------------------------
Status Code : 200
CFS rejected successfully!
All pending CFS's rejected successfully!

Status Code : 400
The ResponderCFS id is invalid. [RespId : 28608869565]

